11
0 143 304 204 122 196 147 287 87 153 148
143 0 430 116 31 112 46 413 68 67 36
304 430 0 402 445 431 406 21 380 394 407
204 116 402 0 143 46 69 384 126 51 79
122 31 445 143 0 141 76 427 79 95 68
196 112 431 46 141 0 66 414 126 48 75
147 46 406 69 76 66 0 388 71 20 10
287 413 21 384 427 414 388 0 363 377 391
87 68 380 126 79 126 71 363 0 82 73
153 67 394 51 95 48 20 377 82 0 30
148 36 407 79 68 75 10 391 73 30 0

Siena
Fairfield
Niagara
Rider
Quinnipiac
Monmouth
Manhattan
Canisuis
Marist
St. Peter's
Iona

Compiled by Jim Teresco, distances from Google Maps, shortest reported, rounded to nearest mile.
