17						
0	255	196	115	466	174	1015	308	326	1136	708	471	1310	774	2101	2239	76	
255	0	420	223	721	393	955	559	99	893	630	239	1085	536	1858	2017	203
196	420	0	307	339	266	958	169	506	1248	684	593	1497	954	2278	2428	271
115	223	307	0	537	174	1092	395	262	1115	776	460	1218	695	2020	2143	52
466	721	339	537	0	384	1237	171	789	1583	997	922	1750	1231	2557	2669	529
174	393	266	174	384	0	1180	273	436	1286	879	626	1368	859	2180	2285	192
1015	955	958	1092	1237	1180	0	1098	1027	971	325	816	1722	1242	2268	2575	1042
308	559	169	395	171	273	1098	0	634	1413	841	753	1612	1082	2409	2538	377
326	99	506	262	789	436	1027	634	0	867	702	253	993	449	1776	1925	260
1136	893	1248	1115	1583	1286	971	1413	867	0	821	665	879	650	1299	1628	1095
708	630	684	776	997	879	325	841	702	821	0	500	1460	949	2081	2350	727
471	239	593	460	922	626	816	753	253	665	500	0	1014	470	1730	1937	434
1310	1085	1497	1218	1750	1368	1722	1612	993	879	1460	1014	0	553	831	933	1236
774	536	954	695	1231	859	1242	1082	449	650	949	470	553	0	1327	1485	705
2101	1858	2278	2020	2557	2180	2268	2409	1776	1299	2081	1730	831	1327	0	455	2032
2239	2017	2428	2143	2669	2285	2575	2538	1925	1628	2350	1937	933	1485	455	0	2165
76	203	271	52	529	192	1042	377	260	1095	727	434	1236	705	2032	2165	0




Cities in order:
Pittsburgh  PA
Cincinnati  OH
Baltimore  MD
Cleveland  OH
Foxborough  MA
Orchard Park  NY
Miami  FL
Rutherford  NJ
Indianapolis  IN
Houston  TX
Jacksonville  FL
Nashville  TN
Denver  CO
Kansas City  MO
San Diego  CA
Oakland  CA
Canton  OH

Best Tour:
0 16 3 1 8 11 13 12 15 14 9 6 10 2 7 4 5 0 

Pittsburgh  PA
Canton  OH
Cleveland  OH
Cincinnati  OH
Indianapolis  IN
Nashville  TN
Kansas City  MO
Denver  CO
Oakland  CA
San Diego  CA
Houston  TX
Miami  FL
Jacksonville  FL
Baltimore  MD
Rutherford  NJ
Foxborough  MA
Orchard Park  NY
Pittsburgh  PA

Adapted from Dr. David Valentine's similar file, http://granite.sru.edu/~davidv/tspLittleFe/nflData.txt (added edges in both directions)
