12
0 211 422 422 158 1320 1214 950 581 845 686 264
211 0 211 317 317 1003 1003 1109 739 792 528 475
422 211 0 211 211 950 900 1161 792 686 370 581
422 317 211 0 106 1003 739 898 581 475 370 422
158 317 211 106 0 1003 792 634 370 528 422 106
1320 898 950 1003 1003 0 950 1214 1214 528 634 1108
1214 1003 900 739 792 950 0 264 634 581 898 898
950 1109 1161 898 634 1214 264 0 370 898 1162 581
581 739 792 581 370 1214 634 370 0 845 1003 264
845 792 686 475 528 528 581 898 845 0 211 792
686 528 370 370 422 634 898 1162 1003 211 0 686
264 475 581 422 106 1108 898 581 264 792 686 0



Hines
Padua
Ryan
Lonnestrom
SSU
MAC
Roger Bacon
Foy
Siena Hall
Plassman
Hennipen
Kiernan

Compiled by Sara Lopez, distances from Google Maps, shortest reported, rounded to nearest foot.
